255 255 255 255 255 255 255 255 255 255 255 255 255 255 255 255
255 255 255 255 255 255 255 255 255 255 255 255 255 255 255 255
255 255   0   0   0   0   0   0   0   0   0   0   0   0 255 255
255 255   0   0   0   0   0   0   0   0   0   0   0   0 255 255
255 255   0   0   0   0   0   0   0   0   0   0   0   0 255 255
255 255   0   0   0 240 240 240 240 240 240   0   0   0 255 255
255 255   0   0   0 240 240 240 240 240 240   0   0   0 255 255
255 255   0   0   0 240 240 240 240 240 240   0   0   0 255 255
255 255   0   0   0 240 240 240 240 240 240   0   0   0 255 255
255 255   0   0   0   0 240 240 240   0   0   0   0   0 255 255
255 255   0   0   0   0 240   0   0   0   0   0   0   0 255 255
255 255   0   0   0   0   0   0   0   0   0   0   0   0 255 255
255 255   0   0   0   0   0   0   0   0   0   0   0   0 255 255
255 255   0   0   0   0   0   0   0   0   0   0   0   0 255 255
255 255 255 255 255 255 255 255 255 255 255 255 255 255 255 255
255 255 255 255 255 255 255 255 255 255 255 255 255 255 255 255
255 255 255 255 255 255 255 255 255 255 255 255 255 255 255 255
255 255 255 255 255 255 255 255 255 255 255 255 255 255 255 255
255 255   0   0   0   0   0   0   0   0   0   0   0   0 255 255
255 255   0   0   0   0   0   0   0   0   0   0   0   0 255 255
255 255   0   0   0   0   0   0   0   0   0   0   0   0 255 255
255 255   0   0   0 240 240 240 240 240 240   0   0   0 255 255
255 255   0   0   0 240 240 240 240 240 240   0   0   0 255 255
255 255   0   0   0 240 240 240 240 240 240   0   0   0 255 255
255 255   0   0   0 240 240 240 240 240 240   0   0   0 255 255
255 255   0   0   0   0 240 240 240   0   0   0   0   0 255 255
255 255   0   0   0   0 240   0   0   0   0   0   0   0 255 255
255 255   0   0   0   0   0   0   0   0   0   0   0   0 255 255
255 255   0   0   0   0   0   0   0   0   0   0   0   0 255 255
255 255   0   0   0   0   0   0   0   0   0   0   0   0 255 255
255 255 255 255 255 255 255 255 255 255 255 255 255 255 255 255
255 255 255 255 255 255 255 255 255 255 255 255 255 255 255 255
255 255 255 255 255 255 255 255 255 255 255 255 255 255 255 255
255 255 255 255 255 255 255 255 255 255 255 255 255 255 255 255
255 255   0   0   0   0   0   0   0   0   0   0   0   0 255 255
255 255   0   0   0   0   0   0   0   0   0   0   0   0 255 255
255 255   0   0   0   0   0   0   0   0   0   0   0   0 255 255
255 255   0   0   0 240 240 240 240 240 240   0   0   0 255 255
255 255   0   0   0 240 240 240 240 240 240   0   0   0 255 255
255 255   0   0   0 240 240 240 240 240 240   0   0   0 255 255
255 255   0   0   0 240 240 240 240 240 240   0   0   0 255 255
255 255   0   0   0   0 240 240 240   0   0   0   0   0 255 255
255 255   0   0   0   0 240   0   0   0   0   0   0   0 255 255
255 255   0   0   0   0   0   0   0   0   0   0   0   0 255 255
255 255   0   0   0   0   0   0   0   0   0   0   0   0 255 255
255 255   0   0   0   0   0   0   0   0   0   0   0   0 255 255
255 255 255 255 255 255 255 255 255 255 255 255 255 255 255 255
255 255 255 255 255 255 255 255 255 255 255 255 255 255 255 255

255 255 255 255 255 255 255 255 255 255 255 255 255 255 255 255
255 214 152 152 152 152 152 152 152 152 152 152 152 152 214 255
255 152   0   0   0   0   0   0   0   0   0   0   0   0 152 255
255 152   0   0   0   0   0   0   0   0   0   0   0   0 152 255
255 152   0   0  10  49  49  49  49  49  49  10   0   0 152 255
255 152   0   0  49 240 240 240 196 146 153  49   0   0 152 255
255 152   0   0  49 240 240 240 199 148 159  49   0   0 152 255
255 152   0   0  49 240 240 240 179  97 108  49   0   0 152 255
255 152   0   0  49 240 240 240 200 188 179  49   0   0 152 255
255 152   0   0  49 240 240 240 216 151 159  49   0   0 152 255
255 152   0   0  49 240 240 240 219 157 150  49   0   0 152 255
255 152   0   0  10  49  49  49  49  49  49  10   0   0 152 255
255 152   0   0   0   0   0   0   0   0   0   0   0   0 152 255
255 152   0   0   0   0   0   0   0   0   0   0   0   0 152 255
255 214 152 152 152 152 152 152 152 152 152 152 152 152 214 255
255 255 255 255 255 255 255 255 255 255 255 255 255 255 255 255
255 255 255 255 255 255 255 255 255 255 255 255 255 255 255 255
255 214 152 152 152 152 152 152 152 152 152 152 152 152 214 255
255 152   0   0   0   0   0   0   0   0   0   0   0   0 152 255
255 152   0   0   0   0   0   0   0   0   0   0   0   0 152 255
255 152   0   0  10  49  49  49  49  49  49  10   0   0 152 255
255 152   0   0  49 240 240 240 196 146 153  49   0   0 152 255
255 152   0   0  49 240 240 240 199 148 159  49   0   0 152 255
255 152   0   0  49 240 240 240 179  97 108  49   0   0 152 255
255 152   0   0  49 240 240 240 200 188 179  49   0   0 152 255
255 152   0   0  49 240 240 240 216 151 159  49   0   0 152 255
255 152   0   0  49 240 240 240 219 157 150  49   0   0 152 255
255 152   0   0  10  49  49  49  49  49  49  10   0   0 152 255
255 152   0   0   0   0   0   0   0   0   0   0   0   0 152 255
255 152   0   0   0   0   0   0   0   0   0   0   0   0 152 255
255 214 152 152 152 152 152 152 152 152 152 152 152 152 214 255
255 255 255 255 255 255 255 255 255 255 255 255 255 255 255 255
255 255 255 255 255 255 255 255 255 255 255 255 255 255 255 255
255 214 152 152 152 152 152 152 152 152 152 152 152 152 214 255
255 152   0   0   0   0   0   0   0   0   0   0   0   0 152 255
255 152   0   0   0   0   0   0   0   0   0   0   0   0 152 255
255 152   0   0  10  49  49  49  49  49  49  10   0   0 152 255
255 152   0   0  49 240 240 240 196 146 153  49   0   0 152 255
255 152   0   0  49 240 240 240 199 148 159  49   0   0 152 255
255 152   0   0  49 240 240 240 179  97 108  49   0   0 152 255
255 152   0   0  49 240 240 240 200 188 179  49   0   0 152 255
255 152   0   0  49 240 240 240 216 151 159  49   0   0 152 255
255 152   0   0  49 240 240 240 219 157 150  49   0   0 152 255
255 152   0   0  10  49  49  49  49  49  49  10   0   0 152 255
255 152   0   0   0   0   0   0   0   0   0   0   0   0 152 255
255 152   0   0   0   0   0   0   0   0   0   0   0   0 152 255
255 214 152 152 152 152 152 152 152 152 152 152 152 152 214 255
255 255 255 255 255 255 255 255 255 255 255 255 255 255 255 255

255 255 255 255 255 255 255 255 255 255 255 255 255 255 255 255
255 214 152 152 152 152 152 152 152 152 152 152 152 152 214 255
255 152   0   0   0   0   0   0   0   0   0   0   0   0 152 255
255 152   0   0   0   0   0   0   0   0   0   0   0   0 152 255
255 152   0   0  10  49  49  49  49  49  49  10   0   0 152 255
255 152   0   0  49 153 159 108 179 159 150  49   0   0 152 255
255 152   0   0  49 146 148  97 188 151 157  49   0   0 152 255
255 152   0   0  49 196 199 179 200 216 219  49   0   0 152 255
255 152   0   0  49 240 240 240 240 240 240  49   0   0 152 255
255 152   0   0  49 240 240 240 240 240 240  49   0   0 152 255
255 152   0   0  49 240 240 240 240 240 240  49   0   0 152 255
255 152   0   0  10  49  49  49  49  49  49  10   0   0 152 255
255 152   0   0   0   0   0   0   0   0   0   0   0   0 152 255
255 152   0   0   0   0   0   0   0   0   0   0   0   0 152 255
255 214 152 152 152 152 152 152 152 152 152 152 152 152 214 255
255 255 255 255 255 255 255 255 255 255 255 255 255 255 255 255
255 255 255 255 255 255 255 255 255 255 255 255 255 255 255 255
255 214 152 152 152 152 152 152 152 152 152 152 152 152 214 255
255 152   0   0   0   0   0   0   0   0   0   0   0   0 152 255
255 152   0   0   0   0   0   0   0   0   0   0   0   0 152 255
255 152   0   0  10  49  49  49  49  49  49  10   0   0 152 255
255 152   0   0  49 153 159 108 179 159 150  49   0   0 152 255
255 152   0   0  49 146 148  97 188 151 157  49   0   0 152 255
255 152   0   0  49 196 199 179 200 216 219  49   0   0 152 255
255 152   0   0  49 240 240 240 240 240 240  49   0   0 152 255
255 152   0   0  49 240 240 240 240 240 240  49   0   0 152 255
255 152   0   0  49 240 240 240 240 240 240  49   0   0 152 255
255 152   0   0  10  49  49  49  49  49  49  10   0   0 152 255
255 152   0   0   0   0   0   0   0   0   0   0   0   0 152 255
255 152   0   0   0   0   0   0   0   0   0   0   0   0 152 255
255 214 152 152 152 152 152 152 152 152 152 152 152 152 214 255
255 255 255 255 255 255 255 255 255 255 255 255 255 255 255 255
255 255 255 255 255 255 255 255 255 255 255 255 255 255 255 255
255 214 152 152 152 152 152 152 152 152 152 152 152 152 214 255
255 152   0   0   0   0   0   0   0   0   0   0   0   0 152 255
255 152   0   0   0   0   0   0   0   0   0   0   0   0 152 255
255 152   0   0  10  49  49  49  49  49  49  10   0   0 152 255
255 152   0   0  49 153 159 108 179 159 150  49   0   0 152 255
255 152   0   0  49 146 148  97 188 151 157  49   0   0 152 255
255 152   0   0  49 196 199 179 200 216 219  49   0   0 152 255
255 152   0   0  49 240 240 240 240 240 240  49   0   0 152 255
255 152   0   0  49 240 240 240 240 240 240  49   0   0 152 255
255 152   0   0  49 240 240 240 240 240 240  49   0   0 152 255
255 152   0   0  10  49  49  49  49  49  49  10   0   0 152 255
255 152   0   0   0   0   0   0   0   0   0   0   0   0 152 255
255 152   0   0   0   0   0   0   0   0   0   0   0   0 152 255
255 214 152 152 152 152 152 152 152 152 152 152 152 152 214 255
255 255 255 255 255 255 255 255 255 255 255 255 255 255 255 255

255 255 255 255 255 255 255 255 255 255 255 255 255 255 255 255
255 214 152 152 152 152 152 152 152 152 152 152 152 152 214 255
255 152   0   0   0   0   0   0   0   0   0   0   0   0 152 255
255 152   0   0   0   0   0   0   0   0   0   0   0   0 152 255
255 152   0   0  10  49  49  49  49  49  49  10   0   0 152 255
255 152   0   0  49 150 157 219 240 240 240  49   0   0 152 255
255 152   0   0  49 159 151 216 240 240 240  49   0   0 152 255
255 152   0   0  49 179 188 200 240 240 240  49   0   0 152 255
255 152   0   0  49 108  97 179 240 240 240  49   0   0 152 255
255 152   0   0  49 159 148 199 240 240 240  49   0   0 152 255
255 152   0   0  49 153 146 196 240 240 240  49   0   0 152 255
255 152   0   0  10  49  49  49  49  49  49  10   0   0 152 255
255 152   0   0   0   0   0   0   0   0   0   0   0   0 152 255
255 152   0   0   0   0   0   0   0   0   0   0   0   0 152 255
255 214 152 152 152 152 152 152 152 152 152 152 152 152 214 255
255 255 255 255 255 255 255 255 255 255 255 255 255 255 255 255
255 255 255 255 255 255 255 255 255 255 255 255 255 255 255 255
255 214 152 152 152 152 152 152 152 152 152 152 152 152 214 255
255 152   0   0   0   0   0   0   0   0   0   0   0   0 152 255
255 152   0   0   0   0   0   0   0   0   0   0   0   0 152 255
255 152   0   0  10  49  49  49  49  49  49  10   0   0 152 255
255 152   0   0  49 150 157 219 240 240 240  49   0   0 152 255
255 152   0   0  49 159 151 216 240 240 240  49   0   0 152 255
255 152   0   0  49 179 188 200 240 240 240  49   0   0 152 255
255 152   0   0  49 108  97 179 240 240 240  49   0   0 152 255
255 152   0   0  49 159 148 199 240 240 240  49   0   0 152 255
255 152   0   0  49 153 146 196 240 240 240  49   0   0 152 255
255 152   0   0  10  49  49  49  49  49  49  10   0   0 152 255
255 152   0   0   0   0   0   0   0   0   0   0   0   0 152 255
255 152   0   0   0   0   0   0   0   0   0   0   0   0 152 255
255 214 152 152 152 152 152 152 152 152 152 152 152 152 214 255
255 255 255 255 255 255 255 255 255 255 255 255 255 255 255 255
255 255 255 255 255 255 255 255 255 255 255 255 255 255 255 255
255 214 152 152 152 152 152 152 152 152 152 152 152 152 214 255
255 152   0   0   0   0   0   0   0   0   0   0   0   0 152 255
255 152   0   0   0   0   0   0   0   0   0   0   0   0 152 255
255 152   0   0  10  49  49  49  49  49  49  10   0   0 152 255
255 152   0   0  49 150 157 219 240 240 240  49   0   0 152 255
255 152   0   0  49 159 151 216 240 240 240  49   0   0 152 255
255 152   0   0  49 179 188 200 240 240 240  49   0   0 152 255
255 152   0   0  49 108  97 179 240 240 240  49   0   0 152 255
255 152   0   0  49 159 148 199 240 240 240  49   0   0 152 255
255 152   0   0  49 153 146 196 240 240 240  49   0   0 152 255
255 152   0   0  10  49  49  49  49  49  49  10   0   0 152 255
255 152   0   0   0   0   0   0   0   0   0   0   0   0 152 255
255 152   0   0   0   0   0   0   0   0   0   0   0   0 152 255
255 214 152 152 152 152 152 152 152 152 152 152 152 152 214 255
255 255 255 255 255 255 255 255 255 255 255 255 255 255 255 255
